-1.957851635815361035e+00,1.562262024155285811e+00,1.000000000000000000e+00
-4.958303821924729959e-01,1.467072682861738198e+00,1.000000000000000000e+00
-2.599687531783054784e-01,1.832172707696625213e+00,1.000000000000000000e+00
-9.220078875145906183e-01,1.534973134667200423e+00,1.000000000000000000e+00
-2.888545191563191672e+00,1.069481972065188913e+00,1.000000000000000000e+00
-7.404717587816035396e-01,2.605683702284196102e+00,1.000000000000000000e+00
-4.555650160927515735e-03,3.251521932089775024e+00,1.000000000000000000e+00
-6.982150001716209697e-01,2.375144262454010669e+00,1.000000000000000000e+00
-8.952882764025182905e-02,3.140434522666687656e+00,1.000000000000000000e+00
-1.013451149613596947e+00,1.407642879905863564e+00,1.000000000000000000e+00
-3.060843420198642306e+00,-2.873389678217774801e-01,1.000000000000000000e+00
-3.751709688824540923e+00,-8.164234970817618731e-02,1.000000000000000000e+00
-1.002568173362345050e+00,1.912818562469785988e+00,1.000000000000000000e+00
-1.905346883968445315e+00,1.323491215591204639e+00,1.000000000000000000e+00
-5.458513464566389084e-01,2.544687649130317197e+00,1.000000000000000000e+00
-1.146745235853447120e+00,2.078280999492010839e+00,1.000000000000000000e+00
-2.423113164511741857e+00,-5.046086942669436581e-02,1.000000000000000000e+00
-4.326654760937480582e-01,1.903937435945442180e+00,1.000000000000000000e+00
-2.148539575346896768e+00,5.963226368392298138e-01,1.000000000000000000e+00
-1.193947972109914879e+00,1.726074442256325892e+00,1.000000000000000000e+00
-1.279735300198884485e+00,9.723371594119083472e-01,1.000000000000000000e+00
-6.996998431329648493e-01,1.770390108102940285e+00,1.000000000000000000e+00
4.286167009337416012e-01,2.684397671451892453e+00,1.000000000000000000e+00
-3.132017980724332684e+00,9.347953302811136123e-01,1.000000000000000000e+00
-1.348562127517030307e+00,8.110529097203993398e-01,1.000000000000000000e+00
3.857143343918205236e+00,-4.268691854620227488e+00,1.000000000000000000e+00
2.228156549814694465e+00,-5.091346784005564174e+00,1.000000000000000000e+00
3.891978854836486423e+00,-3.921241756430895453e+00,1.000000000000000000e+00
3.728433719028586779e+00,-3.960452995023052924e+00,1.000000000000000000e+00
4.121334639650938492e+00,-2.633726462899107723e+00,1.000000000000000000e+00
5.233154186032125565e+00,-2.300348938605671911e+00,1.000000000000000000e+00
4.060614084358950215e+00,-4.017810697355976401e+00,1.000000000000000000e+00
3.956502518681850766e+00,-3.696144759818123404e+00,1.000000000000000000e+00
3.232430114197999860e+00,-5.242182443692583682e+00,1.000000000000000000e+00
2.119742367954530415e+00,-5.583783254694083098e+00,1.000000000000000000e+00
5.564145599288535138e+00,-2.816079051793037635e+00,1.000000000000000000e+00
3.937611956189791762e+00,-4.339789843500141409e+00,1.000000000000000000e+00
2.945915483276399183e+00,-4.783680360579672275e+00,1.000000000000000000e+00
5.916671078366549708e+00,-2.300756502131870551e+00,1.000000000000000000e+00
3.165854394078291723e+00,-4.889614406858104445e+00,1.000000000000000000e+00
4.920243455934913968e+00,-4.096301532573758841e+00,1.000000000000000000e+00
2.807765232956560997e+00,-5.784058707578635605e+00,1.000000000000000000e+00
6.320276871213254211e+00,-2.692579331060125369e+00,1.000000000000000000e+00
5.895118827085338964e+00,-2.563714424346791976e+00,1.000000000000000000e+00
2.514886192104245133e+00,-4.904291213477936395e+00,1.000000000000000000e+00
3.689308898938973513e+00,-4.775210745760778863e+00,1.000000000000000000e+00
4.319968454423458226e+00,-3.533609901050200897e+00,1.000000000000000000e+00
2.414844832034663824e+00,-4.307813670598370059e+00,1.000000000000000000e+00
3.120390948446830404e+00,-4.963673957100990464e+00,1.000000000000000000e+00
4.839641562630296434e+00,-3.173621612291710914e+00,1.000000000000000000e+00
9.930269123267178033e-01,-1.329536895742651881e+00,-1.000000000000000000e+00
-2.250050955954723264e-01,-1.973069648301984724e+00,-1.000000000000000000e+00
7.843177485230492518e-01,-5.454265627983030384e-01,-1.000000000000000000e+00
1.508620575673520037e+00,-1.357151091015203370e+00,-1.000000000000000000e+00
1.727525610467130601e+00,-1.012991946349106387e+00,-1.000000000000000000e+00
2.665057279146424207e+00,1.450264318567395350e+00,-1.000000000000000000e+00
1.335474153197592662e+00,-7.970463683046604686e-01,-1.000000000000000000e+00
3.020381661185815858e+00,1.328790258205978070e+00,-1.000000000000000000e+00
7.588893687719968639e-01,-2.024614540233836024e+00,-1.000000000000000000e+00
2.808430448542195146e-01,-2.068633178893027669e+00,-1.000000000000000000e+00
1.090159565576050982e+00,-1.350684329578145437e+00,-1.000000000000000000e+00
2.551889258814596495e+00,-3.126424357222907791e-01,-1.000000000000000000e+00
1.630517968007834551e+00,-7.229418499449062896e-01,-1.000000000000000000e+00
1.736186117088134306e+00,-8.144211085138968187e-01,-1.000000000000000000e+00
3.765208576323556544e-01,-1.501859973198416132e+00,-1.000000000000000000e+00
5.715823344931045824e-01,-8.268422579695866581e-01,-1.000000000000000000e+00
9.301885418140302120e-01,-1.352858421175991088e+00,-1.000000000000000000e+00
1.720877092080683290e+00,2.230861800519969851e-01,-1.000000000000000000e+00
3.971940975440342303e-01,-2.207953004344352266e+00,-1.000000000000000000e+00
1.756350032254824223e-01,-1.750591080459794835e+00,-1.000000000000000000e+00
9.202589438881325634e-01,-1.506635928059855134e+00,-1.000000000000000000e+00
1.517481632519790180e+00,-8.819803487528905528e-01,-1.000000000000000000e+00
1.571606053166770600e+00,-4.909036843835680175e-01,-1.000000000000000000e+00
6.749661908105621944e-01,-1.710596893611129099e+00,-1.000000000000000000e+00
2.362578781956059526e+00,1.558153826981290013e+00,-1.000000000000000000e+00
-3.355894110844023004e+00,3.550191621464031666e+00,-1.000000000000000000e+00
-2.823932838727817973e+00,4.647182869783431869e+00,-1.000000000000000000e+00
-3.884613436883728177e+00,4.726189303716575196e+00,-1.000000000000000000e+00
-3.582853147323733278e+00,4.316827127021031885e+00,-1.000000000000000000e+00
-5.795314516098297730e+00,2.542357550250008202e+00,-1.000000000000000000e+00
-4.240375677869318238e+00,3.344146798751721494e+00,-1.000000000000000000e+00
-6.068916742114351059e+00,2.831379911134900951e+00,-1.000000000000000000e+00
-5.097480838958594163e+00,2.780478137311326314e+00,-1.000000000000000000e+00
-4.348115185101606883e+00,2.532692266790044222e+00,-1.000000000000000000e+00
-5.681774243346071174e+00,3.397825187695503235e+00,-1.000000000000000000e+00
-3.581767645004664047e+00,3.627556152470376549e+00,-1.000000000000000000e+00
-4.889707614027016369e+00,3.623797609023482913e+00,-1.000000000000000000e+00
-4.329975929577335236e+00,4.144735871479740652e+00,-1.000000000000000000e+00
-1.807127995534110187e+00,5.156913481425055679e+00,-1.000000000000000000e+00
-4.619107079702822638e+00,3.284351135362662877e+00,-1.000000000000000000e+00
-4.970273626920588050e+00,2.980764941733324846e+00,-1.000000000000000000e+00
-4.711919140546706686e+00,3.378935688253842606e+00,-1.000000000000000000e+00
-4.797487451508427370e+00,3.841142777308244494e+00,-1.000000000000000000e+00
-3.215323101595668920e+00,3.645435393241472255e+00,-1.000000000000000000e+00
-5.329250618045326071e+00,3.833233311664447918e+00,-1.000000000000000000e+00
-2.940614450056409090e+00,4.481508391480559794e+00,-1.000000000000000000e+00
-5.422749857870419632e+00,2.406860003968169792e+00,-1.000000000000000000e+00
-5.636333847684209530e+00,2.623108296912863846e+00,-1.000000000000000000e+00
-6.521756573769277310e+00,3.069804945097179161e+00,-1.000000000000000000e+00
-3.868675148763059735e+00,4.171311132383417331e+00,-1.000000000000000000e+00
