-1.998234640213760294e+00,1.514110659051703944e+00,1.000000000000000000e+00
-9.853983038482416745e-01,-9.384011351896538455e-01,-1.000000000000000000e+00
-3.321926843795695583e-01,-8.269247723719311272e-02,1.000000000000000000e+00
4.959812219027673677e-03,9.359409567410790221e-01,1.000000000000000000e+00
1.073045415500927403e-03,-3.627105005112747360e-01,-1.000000000000000000e+00
3.373793716035488055e-01,-1.205791832908592154e+00,1.000000000000000000e+00
-2.300891545153728179e-01,-5.470354519021374262e-01,1.000000000000000000e+00
1.081106788885581038e-01,6.531695734305679180e-01,1.000000000000000000e+00
-1.029708126322576245e+00,2.834034357037069074e-01,1.000000000000000000e+00
4.156641315699554640e-01,8.602110614471526473e-01,1.000000000000000000e+00
1.909797306548525864e+00,-4.993452958371907835e-02,-1.000000000000000000e+00
1.232512330850737525e+00,1.241793564111568049e+00,-1.000000000000000000e+00
-1.404661036265608676e+00,-1.056178075920367831e+00,1.000000000000000000e+00
1.902680544151554853e+00,-1.460918973295711742e+00,-1.000000000000000000e+00
-7.435682789496124157e-01,-1.912618729601052170e-01,1.000000000000000000e+00
-7.515779262781607795e-01,-9.215861710286763486e-01,1.000000000000000000e+00
-1.768508158945393260e-01,-1.483072203962112035e+00,-1.000000000000000000e+00
6.014102357263853005e-01,-1.879916839757965752e-01,1.000000000000000000e+00
8.017560894645052727e-01,-2.930438929562497186e-01,-1.000000000000000000e+00
7.805140155400516200e-01,2.361968614383236076e-01,-1.000000000000000000e+00
-6.345604414043379791e-03,1.605254103499344831e+00,-1.000000000000000000e+00
3.081884660993483127e+00,5.352976811238306931e-01,-1.000000000000000000e+00
1.363674107191912288e+00,-3.153460339760983389e-01,1.000000000000000000e+00
7.994237374786362649e-01,-6.837967323085853977e-01,-1.000000000000000000e+00
-6.021832901709364139e-01,-2.484003388576609961e-01,-1.000000000000000000e+00
-4.476099914332176688e-01,-3.849486939138464792e-02,-1.000000000000000000e+00
2.131748382284496479e+00,1.317483533611681357e-01,-1.000000000000000000e+00
6.182987236039065859e-01,-8.743308713375999019e-01,-1.000000000000000000e+00
-1.355739059188910967e-01,-2.623944435757866733e-01,-1.000000000000000000e+00
2.827389553580387793e-01,-9.262539853350729158e-02,-1.000000000000000000e+00
-5.389698853671265333e-01,-1.473412211462266919e-01,1.000000000000000000e+00
-5.760412522392392987e-01,-3.024980689783908772e-01,1.000000000000000000e+00
-1.087071258926701312e+00,-3.989171787439533823e-01,-1.000000000000000000e+00
1.488910147671928641e+00,1.044007914519412827e-01,1.000000000000000000e+00
1.212701925662855729e+00,-8.653951221581065445e-01,-1.000000000000000000e+00
-8.112900618797540542e-01,-1.931883821625695274e+00,-1.000000000000000000e+00
-7.864023080484107142e-01,-1.664303604869575848e+00,1.000000000000000000e+00
-3.777630869067748476e-01,1.353603593765538293e-01,1.000000000000000000e+00
-7.817408624016894958e-01,1.355409076676207525e-01,-1.000000000000000000e+00
7.724849690756941945e-01,-3.443652372901920833e-01,1.000000000000000000e+00
1.278828144489778662e+00,3.637118323887484350e-01,1.000000000000000000e+00
2.119262447852261921e+00,-1.870416944438701323e+00,-1.000000000000000000e+00
1.260241282001474339e+00,2.168434186604860425e+00,1.000000000000000000e+00
-1.524118100168866397e+00,-4.054137430897469252e-01,-1.000000000000000000e+00
1.133549620039619565e+00,-1.315403568354603925e+00,-1.000000000000000000e+00
3.042362695737066414e-01,-2.477506483043498686e-01,1.000000000000000000e+00
-7.077956080003594552e-01,6.329832609511305552e-01,-1.000000000000000000e+00
4.284898326735500640e-01,-1.425376765469019147e-01,-1.000000000000000000e+00
2.976315012816541650e+00,1.147548728548451358e+00,-1.000000000000000000e+00
-5.320930085895156925e-01,1.004704411356427407e+00,-1.000000000000000000e+00
-7.444579826905890485e-01,7.861965911967876419e-01,-1.000000000000000000e+00
-2.116132754408854566e-01,1.152289005205561434e+00,1.000000000000000000e+00
1.351464693979752829e-01,-3.125132693652158955e-01,1.000000000000000000e+00
1.448522611848405584e+00,-1.292509845435990401e-01,1.000000000000000000e+00
1.850478459135546649e-01,2.103085988518742233e-01,-1.000000000000000000e+00
5.620902211557746719e-01,1.743910675181484571e+00,-1.000000000000000000e+00
5.256916778265315893e-01,-7.384766688269575052e-01,1.000000000000000000e+00
-4.055897470513275538e-01,-4.432672271273295217e-01,1.000000000000000000e+00
1.054054237749308731e+00,-1.752586133782617406e+00,-1.000000000000000000e+00
-2.121894387352408984e+00,-6.672427189930756342e-01,1.000000000000000000e+00
1.973288703301760982e+00,2.028717866707531736e-01,-1.000000000000000000e+00
1.022492943520050934e+00,1.411586222992986250e-01,1.000000000000000000e+00
6.678252699316512553e-01,-6.495538507899204506e-01,1.000000000000000000e+00
2.354921707366929851e-01,3.874071588870386385e-01,1.000000000000000000e+00
1.023972559290881490e+00,-4.478355352872591677e-01,1.000000000000000000e+00
3.000771539066198756e-01,-1.294917845907947174e-01,1.000000000000000000e+00
-3.971646496825618350e-02,8.885620129384027566e-01,-1.000000000000000000e+00
-9.163991487165743521e-01,7.213986336885501727e-01,-1.000000000000000000e+00
1.177410243751867647e+00,-6.170866103936489822e-01,-1.000000000000000000e+00
-1.538408918569923456e+00,2.840023854976779227e-01,-1.000000000000000000e+00
-6.411528791879733680e-01,5.622745130892263798e-01,1.000000000000000000e+00
-1.044055428544335307e+00,1.023776002083849335e+00,-1.000000000000000000e+00
-2.651359026416673648e-01,7.503982666188113715e-02,1.000000000000000000e+00
9.246063806433201249e-01,7.640669554496951621e-01,1.000000000000000000e+00
-1.595294918260308670e+00,-4.932201979926259527e-01,1.000000000000000000e+00
5.839878121815421652e-01,-5.361331539677143265e-01,-1.000000000000000000e+00
8.334950782004767467e-01,2.201083169166668796e-01,-1.000000000000000000e+00
-1.168361148905689317e+00,2.415236605310870366e-01,1.000000000000000000e+00
1.435478326936032056e+00,1.293876638116533861e+00,-1.000000000000000000e+00
-1.172491667403175342e+00,-8.628760293837889339e-01,-1.000000000000000000e+00
5.750145647505724433e-01,-6.307739008862590646e-01,1.000000000000000000e+00
-1.518991260176335345e+00,-1.531464753744041507e-01,-1.000000000000000000e+00
-1.966884916290990049e+00,-7.952231300177587947e-01,1.000000000000000000e+00
6.642094652468985005e-01,2.694081453375170909e+00,1.000000000000000000e+00
1.750822218611811865e+00,1.567917468780733459e-01,1.000000000000000000e+00
3.180729713409201631e-01,-2.468953664242289625e-01,-1.000000000000000000e+00
-3.249774438838319290e-01,8.391007401350726591e-02,1.000000000000000000e+00
9.034293910751804713e-02,2.058128694734110142e-01,1.000000000000000000e+00
3.292200652021086416e-02,-1.531423982927923699e+00,-1.000000000000000000e+00
6.799772453653306625e-01,1.991576459890321837e-01,1.000000000000000000e+00
-8.431772605973429924e-01,2.145286180072219703e-02,-1.000000000000000000e+00
-1.655397725091269923e-01,1.185969193033895447e-01,-1.000000000000000000e+00
-2.560913387931278429e-01,2.620195260495329581e+00,-1.000000000000000000e+00
-3.917343027561825952e-01,-5.443002338089224512e-01,-1.000000000000000000e+00
1.534924642753542123e+00,3.582594207429524308e-02,-1.000000000000000000e+00
-9.919712359077924591e-01,-5.191336221555938879e-01,1.000000000000000000e+00
-1.672063992794947218e+00,2.030690909195595750e-01,-1.000000000000000000e+00
9.054509250441272750e-01,2.046143085108602211e+00,-1.000000000000000000e+00
-2.208979742220928966e+00,2.899182825519965423e+00,-1.000000000000000000e+00
-7.476520249337156310e-01,-1.017858768830673943e+00,1.000000000000000000e+00
